LLWearable version 22
master kids shape

	permissions 0
	{
		base_mask	0008e000
		owner_mask	0008e000
		group_mask	00000000
		everyone_mask	00000000
		next_owner_mask	0008e000
		creator_id	6ab15283-ef0c-448a-a19f-0484a9dc6604
		owner_id	104dbfe0-19d0-42f5-8768-d3464030d209
		last_owner_id	104dbfe0-19d0-42f5-8768-d3464030d209
		group_id	00000000-0000-0000-0000-000000000000
	}
	sale_info	0
	{
		sale_type	not
		sale_price	10
	}
type 0
parameters 82
1 -.28
2 -.57
4 -.41
5 -.1
6 -.04
7 .05
8 -.4
10 -.1
11 -.42
12 .4
13 0
14 .26
15 .04
17 .67
18 .14
19 -.4
20 -.08
21 -.2
22 .52
23 -.4
24 .92
25 0
27 -.37
33 -1.7
34 -.33
35 -.13
36 -.71
37 -.5
38 -.04
80 0
105 0
155 -.53
157 0
185 -.16
193 .76
196 -1.07
505 .42
506 -.68
507 1.16
515 -1
517 .29
518 .69
629 .42
637 0
646 -.29
647 .16
649 .33
650 -.02
652 .42
653 .32
656 0
659 .56
662 .5
663 0
664 -0
665 0
675 -.08
676 .59
678 .5
682 .77
683 -.18
684 .15
685 0
690 .62
692 -.64
693 -.44
753 .44
756 -.26
758 -.27
759 .4
760 .4
764 .38
765 -.3
769 .31
773 .53
795 .14
796 .35
799 .49
841 -.14
842 -.72
879 0
880 -.77
textures 0
